gen	nevals	mean  	min	max	stdDev 
0  	50    	31.68 	3  	61 	15.3042
1  	27    	46.975	17 	61 	9.98871
2  	24    	56.25 	47 	66 	4.11552
3  	24    	60.85 	53 	71 	4.2104 
4  	24    	65.475	59 	71 	3.91144
5  	24    	69.6  	62 	73 	2.41661
6  	28    	71.7  	69 	73 	1.05357
7  	24    	72.8  	71 	73 	0.6    
8  	22    	73    	73 	73 	0      
9  	29    	73    	73 	73 	0      
10 	27    	73    	73 	73 	0      
11 	21    	73    	73 	73 	0      
12 	24    	73    	73 	73 	0      
13 	19    	73    	73 	73 	0      
14 	21    	73    	73 	73 	0      
15 	22    	73    	73 	73 	0      
16 	25    	73    	73 	73 	0      
17 	22    	73    	73 	73 	0      
18 	28    	73    	73 	73 	0      
19 	26    	73    	73 	73 	0      
20 	24    	73    	73 	73 	0      
21 	25    	73    	73 	73 	0      
22 	19    	73    	73 	73 	0      
23 	27    	73    	73 	73 	0      
24 	24    	73    	73 	73 	0      
25 	22    	73    	73 	73 	0      